; Stretchings
[ bonds ]
     1   2   1     0.0    0.0               #     1  CA-HA       
     1   3   1     0.0    0.0               #     2  CA-CA       
     3   4   1     0.0    0.0               #     3  CA-HA       
     3   5   1     0.0    0.0               #     4  CA=CB       
     5   6   1     0.0    0.0               #     5  CB-HB       
     5   7   1     0.0    0.0               #     6  CB-HB       
     1   8   1     0.0    0.0               #     7  CA=CB       
     8   9   1     0.0    0.0               #     8  CB-HB       
     8  10   1     0.0    0.0               #     9  CB-HB       

; Bendings
[ angles ]
     3   1   2   1        0.0    0.0         #    10   CA-CA-HA       
     8   1   2   1        0.0    0.0         #    11   CB=CA-HA       
     1   3   4   1        0.0    0.0         #    12   CA-CA-HA       
     1   3   5   1        0.0    0.0         #    13   CA-CA=CB       
     8   1   3   1        0.0    0.0         #    14   CB=CA-CA       
     5   3   4   1        0.0    0.0         #    15   CB=CA-HA       
     3   5   6   1        0.0    0.0         #    16   CA=CB-HB       
     3   5   7   1        0.0    0.0         #    17   CA=CB-HB       
     7   5   6   1        0.0    0.0         #    18   HB-CB-HB       
     1   8   9   1        0.0    0.0         #    19   CA=CB-HB       
     1   8  10   1        0.0    0.0         #    20   CA=CB-HB       
    10   8   9   1        0.0    0.0         #    21   HB-CB-HB       

; Torsions
[ dihedrals ]
     4   3   1   2   1    0.0    0.0    2   #    22       HA-CA-CA-HA    
     5   3   1   2   1    0.0    0.0    2   #    23       CB=CA-CA-HA    
     9   8   1   2   1    0.0    0.0    2   #    24       HB-CB=CA-HA    
    10   8   1   2   1    0.0    0.0    2   #    25       HB-CB=CA-HA    
     8   1   3   4   1    0.0    0.0    2   #    26       CB=CA-CA-HA    
     1   3   5   6   1    0.0    0.0    2   #    27       CA-CA=CB-HB    
     1   3   5   7   1    0.0    0.0    2   #    28       CA-CA=CB-HB    
     8   1   3   5   1    0.0    0.0    2   #    29       CB=CA-CA=CB    
     9   8   1   3   1    0.0    0.0    2   #    30       HB-CB=CA-CA    
    10   8   1   3   1    0.0    0.0    2   #    31       HB-CB=CA-CA    
     6   5   3   4   1    0.0    0.0    2   #    32       HB-CB=CA-HA    
     7   5   3   4   1    0.0    0.0    2   #    33       HB-CB=CA-HA    
     1   2   8   3   2    0.0    0.0   #    34       CA-HA--CB--CA    *
     3   1   5   4   2    0.0    0.0   #    35       CA-CA--CB--HA    *
     5   6   3   7   2    0.0    0.0   #    36       CB-HB--CA--HB    *
     8   9   1  10   2    0.0    0.0   #    37       CB-HB--CA--HB    *

; Nonbonded terms
[ pairs ]
; 1-4 interactions
      1   6   2    0.833   -0.137    0.113    0.0293     0.09989     #  CA   - HB  
      1   7   2    0.833   -0.137    0.113    0.0293     0.09989     #  CA   - HB  
      2   4   2    0.833    0.121    0.121    0.0242     0.06276     #  HA   - HA  
      2   5   2    0.833    0.121   -0.209    0.0293     0.09989     #  HA   - CB  
      2   9   2    0.833    0.121    0.113    0.0242     0.06276     #  HA   - HB  
      2  10   2    0.833    0.121    0.113    0.0242     0.06276     #  HA   - HB  
      3   9   2    0.833   -0.137    0.113    0.0293     0.09989     #  CA   - HB  
      3  10   2    0.833   -0.137    0.113    0.0293     0.09989     #  CA   - HB  
      4   6   2    0.833    0.121    0.113    0.0242     0.06276     #  HA   - HB  
      4   7   2    0.833    0.121    0.113    0.0242     0.06276     #  HA   - HB  
      4   8   2    0.833    0.121   -0.209    0.0293     0.09989     #  HA   - CB  
      5   8   2    0.833   -0.209   -0.209    0.0355     0.15899     #  CB   - CB  
; other nb interactions
      2   6   2    1.000    0.121    0.113    0.0242     0.12552     #  HA   - HB  
      2   7   2    1.000    0.121    0.113    0.0242     0.12552     #  HA   - HB  
      4   9   2    1.000    0.121    0.113    0.0242     0.12552     #  HA   - HB  
      4  10   2    1.000    0.121    0.113    0.0242     0.12552     #  HA   - HB  
      5   9   2    1.000   -0.209    0.113    0.0293     0.19978     #  CB   - HB  
      5  10   2    1.000   -0.209    0.113    0.0293     0.19978     #  CB   - HB  
      6   8   2    1.000    0.113   -0.209    0.0293     0.19978     #  HB   - CB  
      6   9   2    1.000    0.113    0.113    0.0242     0.12552     #  HB   - HB  
      6  10   2    1.000    0.113    0.113    0.0242     0.12552     #  HB   - HB  
      7   8   2    1.000    0.113   -0.209    0.0293     0.19978     #  HB   - CB  
      7   9   2    1.000    0.113    0.113    0.0242     0.12552     #  HB   - HB  
      7  10   2    1.000    0.113    0.113    0.0242     0.12552     #  HB   - HB  

; Exclusions from default nonbonded 
[ exclusions ]
; ai        aj
     1     2
     1     3
     1     4
     1     5
     1     6
     1     7
     1     8
     1     9
     1    10
     2     3
     2     4
     2     5
     2     6
     2     7
     2     8
     2     9
     2    10
     3     4
     3     5
     3     6
     3     7
     3     8
     3     9
     3    10
     4     5
     4     6
     4     7
     4     8
     4     9
     4    10
     5     6
     5     7
     5     8
     5     9
     5    10
     6     7
     6     8
     6     9
     6    10
     7     8
     7     9
     7    10
     8     9
     8    10
     9    10
